1.000000000000000000e+00 1.454733072874441587e-06 1.345831414428872103e-03 6.961396557930054659e-19 1.024937610853431200e-06 2.093702430283833160e-04 1.927226938516433388e-04 6.525346934748582209e-70 3.095086313123474506e-87 1.225181821809272521e-11 8.664509939191008565e-13 2.711395070857670930e-32 1.575784404538672209e-13 1.897472276442789512e-17 4.486102459667904430e-23 1.381616719942479998e-53 3.985302302168181454e-12 3.766339381933961682e-06 8.485271779863050776e-18 2.454398935515842862e-06 3.134146639575254245e-14 8.315686992277746771e-55 8.515641556972784846e-75 3.741817324377188558e-44 1.013060383444755859e-45 3.049518191646284668e-84 4.828293044350216808e-57 5.536493778708191388e-54 1.347725813634983711e-16 6.506238671323599572e-16 1.780873170514893501e-24 7.996666276051964817e-22 9.968609595731529903e-24 4.334878217142496788e-15 6.259251679881794783e-27 3.367033186501640499e-33 1.286840257946527549e-11 8.599971603746348738e-19 8.472283147670043352e-10 2.908989506606390147e-04 4.183429429412464672e-07 1.494189632540019612e-06 7.021916254326317665e-12 8.001375385751511421e-11 2.572232945603512752e-12 5.951047022616601356e-11 6.956988581884128213e-14 1.470768933736653488e-15 8.023973243150551583e-12 8.707496064229983064e-09 7.604233799245079063e-16 6.584378611448301617e-09 9.385174716683975763e-05 1.066539844823330896e-03 1.060864977497823040e-02 1.973006874225199859e-21 6.378525187760014060e-29 1.216879921829781910e-05 1.819039666320243344e-09 4.130465776575324060e-04 2.549903475302802356e-07 1.443918086690260933e-07 1.351611060511781667e-05 1.500405111545350807e-06 4.977618556585299312e-06 1.766726633952056904e-04 1.146040522185447956e-03 5.756766457337684789e-07 2.656957233066951744e-04 2.353911220072188771e-07 4.974579256306761078e-11 3.132698307321021658e-34 7.129043416430269830e-19 3.981646852232784392e-06 1.567190109263314556e-07 1.567190109263314556e-07 9.292060540100007988e-09 1.601162793694650401e-12 2.444678410409311031e-12 1.511659947378051336e-07 6.027397727787168047e-07 1.695732875164364698e-10 2.315072015365379592e-12 6.677149459725328035e-47 2.634802028993584794e-07 2.571165750387115735e-25 1.008698637939790240e-09 1.878571188394571423e-04 1.226994619954609497e-07 4.628747342806203824e-10 1.358513196708542990e-13 9.268745457463473489e-17 1.580086157373377489e-17 8.732425709150724211e-24 8.411905142908728891e-16 1.820967074788191375e-09 8.652093561490931819e-16 1.596988764039349658e-33 3.846769274348055495e-21 2.091199821238319031e-23 5.442145608275076553e-12 6.101820330015841788e-24 6.101820330015841788e-24 1.408303664122835147e-15 6.729287739942220913e-11 2.983674981423286539e-11 2.022691468966553118e-09 8.752770386228317959e-06 1.502896725538214670e-03 1.473074794894023635e-05 3.010729645911726300e-12 5.599931274055939481e-61 9.110675562223170935e-15 4.041569762809143650e-19 6.896376109161284909e-29
1.454733072874441587e-06 1.000000000000000000e+00 4.889965777022204849e-04 1.361508511533466839e-18 2.506271765451791381e-12 8.930686531975021587e-06 6.157074490158059622e-07 2.303296868144336977e-49 3.839456440472716134e-57 1.509389931106518613e-05 8.122164768371582418e-10 7.037699589989336003e-28 9.710166419128552558e-07 7.019245392399759856e-11 1.182601538486650272e-15 1.740366342626303287e-39 8.805902471990302538e-11 3.622365452730530312e-12 2.318400118205168879e-36 1.929266825066456030e-04 2.870013096078428382e-09 3.977212756477269184e-53 3.561762715194837270e-73 9.389233531799457828e-39 7.716026507362556772e-38 5.954662682054523378e-81 2.458427312304643923e-52 4.129054825759823527e-52 1.543152165753672025e-11 7.004279028908501218e-11 2.558676008506745978e-23 5.110856104806087632e-16 7.301375392067612540e-18 3.855545038046906549e-10 2.706844402345599758e-21 3.254542496779385285e-63 1.903871660098493548e-08 1.054372309281071960e-13 6.133178003188132010e-15 7.217024503889786033e-07 1.039758437690578462e-10 3.164334210034427375e-06 3.756404165778136890e-06 1.571452030764385825e-11 7.638035647644467407e-15 2.621241168842827587e-15 1.738766492513556073e-16 6.405917935243661812e-11 1.624290721099674233e-13 1.762771161370594332e-09 8.716000560863567511e-22 2.478027153199384631e-07 2.629032304989406504e-09 2.953909300068935301e-08 5.785603259715584653e-05 1.120642396851643471e-15 2.645311664272354683e-16 1.172998478207441141e-07 1.180204654441738983e-09 2.272132385633898624e-04 1.515548958168017913e-08 1.143413661979827238e-08 4.855325526719047389e-11 2.258828640379124583e-11 1.881795352707750048e-13 5.424073039271126415e-08 1.677514364565180357e-04 4.496616989694727341e-08 6.831922053266525723e-05 6.254696032010267502e-05 5.045959277538034460e-08 1.824575607948046610e-25 2.118236554122109530e-13 1.221515959936857796e-05 3.347848283615768405e-04 3.347848283615768405e-04 4.571319027016857072e-06 2.398050808725032086e-10 6.397930370827216005e-07 4.142789538908206851e-06 3.797495932935191790e-08 1.540497275399270953e-05 3.235505255304676784e-06 2.450322434898859350e-99 3.504067956657019172e-13 2.976503551120618955e-54 1.023355294924362314e-12 2.083097919245957543e-07 7.293836581891586248e-14 7.018419697956799640e-05 1.887388446965772874e-07 2.929624060509090616e-23 4.430925592245722464e-24 3.282578370752412448e-26 2.595311044329669844e-19 6.988087670199089728e-09 3.397254664936885330e-20 1.876369118573377319e-61 4.718018822291754316e-39 5.204806406448644904e-22 9.981291324801677591e-17 2.116855065125564407e-27 2.116855065125564407e-27 1.267134521311411068e-23 1.885896810509208039e-18 3.684179670944139155e-12 4.720588054788635524e-19 5.592090375937557999e-13 1.541870673343469125e-04 3.975035364989658885e-08 1.244372723823832870e-06 2.889110807939566201e-52 4.448984581687888647e-12 3.780836450513994130e-18 2.364331505722014334e-23
1.345831414428872103e-03 4.889965777022204849e-04 1.000000000000000000e+00 2.251397085706356145e-14 1.852274824363164550e-05 4.235643063941268820e-03 1.160279944994520090e-03 9.659847378513397004e-49 2.666555400402708146e-61 2.202332403390967183e-05 1.941188792181372242e-09 1.932694540846681704e-25 3.256853110770908881e-06 4.753360294943678910e-10 2.091239897831105487e-14 5.398568648509514088e-36 3.423865623655728621e-08 1.128671089737132813e-05 2.368081834921431838e-17 1.231310608034302291e-02 7.773206552256723100e-08 1.138133380821371667e-47 4.860960063510752918e-68 1.233975223614052490e-37 8.603097417824938170e-36 6.086925700723717084e-78 2.410668407843420917e-53 2.513755314498544324e-50 1.081087855336211794e-09 5.493897545399441118e-10 1.204076775601163209e-16 1.978905288376935246e-12 3.216726710784358393e-15 3.502942391916604280e-08 8.961643020106235959e-16 3.619336638588176142e-30 2.266119789224904077e-05 2.447657700343799646e-13 2.748493621264944358e-06 5.539811709136468684e-03 3.142410139330517496e-04 3.303114441217191262e-04 3.232203323615116420e-07 8.291127337353656915e-05 2.717230855845146072e-05 5.216347333477394546e-06 4.049803589712064345e-08 3.436797952639383402e-07 2.047205944882049690e-07 1.926002143888887956e-04 1.889833240076376725e-08 2.258221451170932083e-04 2.280499396367449360e-05 2.411168016306930258e-05 3.934459206192623959e-02 7.082418133130252980e-13 1.266070539623664719e-24 1.041657650424578465e-07 1.153349219788347182e-11 1.475663256651080051e-03 5.232867675159075132e-09 3.645699973284862017e-09 2.881122763894176009e-05 2.417509332219114836e-06 1.394422650617518934e-06 3.586281216188081083e-03 7.755003795567081727e-03 1.020534310175826380e-05 4.229641889232475110e-03 7.516681487419246341e-04 5.894105147885894145e-07 3.760835441542869451e-22 3.431866566741944782e-13 9.781410902891302290e-06 9.218640198838942224e-05 9.218640198838942224e-05 8.290763342072936842e-06 1.810953828166158591e-08 3.511236263845005558e-07 4.868964836423001707e-06 2.124380751833183845e-07 6.330977755708492151e-06 7.566076954221627031e-08 4.892723208576808346e-50 1.531017957246039309e-07 3.024668917692952902e-27 2.605397544796871678e-10 3.345067699896174616e-05 1.295021343980731923e-07 4.203749773964135842e-04 4.548126255826233812e-06 5.040476580054207462e-11 1.726670383063219568e-10 2.232482497962322880e-13 1.161483096117786554e-11 6.169455874247403916e-07 1.333637497861882033e-09 1.130202296129653914e-28 2.580770887995477680e-20 7.449208533888508075e-15 2.491332161696655822e-09 5.428632310429372691e-19 5.428632310429372691e-19 2.347437872905955750e-18 1.066792863360737496e-13 2.235809044230887988e-11 6.628184372578966017e-11 1.005893396575645867e-06 3.401356111983558188e-03 4.206444886120271878e-05 1.190484052315662536e-06 2.636688396104164356e-42 9.788670650232212004e-09 8.355536254577424462e-12 2.035416485388205575e-21
6.961396557930054659e-19 1.361508511533466839e-18 2.251397085706356145e-14 1.000000000000000000e+00 1.537158906521350268e-16 4.482798980481903792e-13 4.675298833092621810e-11 1.601092825403513920e-58 2.446108437870924543e-82 1.983511489619368993e-11 1.653371176972889362e-10 1.250892661440336426e-24 1.127287679743419772e-12 7.666432900739805172e-09 5.501810791689091029e-13 1.147393919679337488e-33 1.569490003772537829e-03 4.655640923501036316e-12 1.576104336176033097e-37 2.577838383407607843e-09 5.800864190263483843e-08 2.189134104787853707e-51 2.946939150281452101e-65 7.525804635695589553e-42 4.092307140514007107e-30 2.735732882570233656e-65 5.656688248016642421e-46 7.436628786446250419e-50 4.245668452671817887e-10 3.006366040796250809e-08 2.234544821527172678e-09 8.526501399301801876e-13 2.211861449902081997e-13 2.497180007535108155e-12 7.666871212654882217e-11 1.651825667771016773e-59 2.021840452658729795e-12 1.033866878086512223e-11 2.607332587341275797e-17 8.276550526146948459e-09 6.543936555555539784e-12 7.341091604531411307e-08 4.727240526443558062e-11 1.141377183784307299e-15 1.170404247961558956e-17 5.130400525350281321e-19 3.162140941764021856e-18 3.222740480329352018e-08 1.172350738088414026e-14 4.450249200396933263e-14 2.111186185808632934e-23 7.395713007474200216e-08 3.930473212631861848e-14 2.748040859706870552e-15 4.515808290784322208e-08 9.245588681644358492e-14 7.016976203173912760e-52 1.446118937522107133e-13 2.708641417037512853e-15 1.649233962130730111e-05 1.627451741849615709e-14 2.291441079052726575e-15 9.569434496814099399e-16 1.828375343441034138e-14 2.733997741701736711e-20 5.118248811773422143e-10 2.329586655863435660e-11 3.184287323659365828e-08 6.469820123710014120e-14 1.743914132049542430e-11 8.736989715870281054e-08 3.254448895735371611e-17 5.490420187098724559e-10 5.052047649268017377e-13 3.240791655002550965e-12 3.240791655002550965e-12 1.939552958962566144e-09 4.401341875173269524e-10 2.436090281431241837e-16 2.728650665770838412e-06 3.918423014377354262e-20 1.945368759616942438e-14 1.779530979703240061e-12 4.129333572105934085e-97 8.527427076318622751e-16 1.071067327865234954e-74 1.480722104465923560e-16 6.556179106369634948e-09 2.825371173820121119e-14 1.023244559514464271e-07 5.999656726493976623e-10 1.290307034355417583e-32 2.116928110304097576e-30 5.559733983377451501e-19 3.196491737384661995e-24 1.031883943764515364e-10 2.879595153791974233e-21 1.430324188609906735e-59 3.205423663797697325e-40 8.622279871551142393e-24 4.097404473347150492e-16 2.633212747436438576e-19 2.633212747436438576e-19 9.860136438714254638e-35 4.093144893168064222e-20 1.137249224666787964e-12 2.607417058631391409e-24 1.137516160669363818e-18 9.189153239076236760e-09 8.660956936379783519e-12 4.896251286169751217e-10 2.566598225088845506e-51 7.998151876336893292e-15 1.698316432599667587e-13 4.648883694473093657e-44
1.024937610853431200e-06 2.506271765451791381e-12 1.852274824363164550e-05 1.537158906521350268e-16 1.000000000000000000e+00 5.569631787269036655e-03 2.432384354074163257e-01 4.712267884139004455e-45 1.292623444443400891e-58 6.567651309030387783e-10 6.671777248133767951e-12 3.785100629311494685e-22 1.591796874835781550e-09 1.079866351370356997e-11 1.243793830049178755e-14 3.214642501367019419e-36 1.392864143316600231e-09 6.810675302407666332e-02 2.318433072898919145e-02 2.573411959240858894e-04 7.540585476649284940e-09 4.414812461860116235e-41 1.758755187069371303e-54 1.188329363987310912e-32 2.037659321078365330e-29 1.495752484756176659e-59 1.019653562088319472e-41 3.740986182887869955e-41 2.725692133215277828e-12 8.342462164121494946e-12 2.336974965059453217e-20 3.599685764145882053e-15 1.291760043766990735e-16 2.499634134931446969e-12 2.823866807439663461e-17 2.542837527101744679e-04 4.750148243165763692e-11 8.595185957372253406e-13 1.429419920091392834e-02 1.530929595158819490e-01 1.202613550855650415e-01 5.707773875029387677e-03 1.359818967835597738e-10 7.824816570768903124e-04 5.153980837245807902e-05 6.268351944227139316e-03 1.353927747725556488e-04 1.236742453705977146e-08 2.282816753777180616e-02 7.140449349861230366e-03 8.437935706571190152e-04 1.320454300679240085e-02 1.265059924221608179e-01 8.240131469812558146e-03 8.532348842230338959e-02 6.220629596366138421e-10 7.781331681561331130e-29 3.640224012057990846e-05 2.542098491335607212e-10 1.336031133222040796e-05 2.894968180744998515e-06 5.904983620460371389e-06 6.438952874815441207e-01 2.418544032946138289e-01 2.280312185185605078e-01 6.198210240448930736e-02 2.944062203340045564e-02 3.004401769802204046e-03 8.685500450693349256e-04 4.839041512277963248e-05 6.051079888747744072e-11 3.205375951490441440e-20 2.440076943000243868e-12 2.014394062929604070e-09 7.905610448667551722e-10 7.905610448667551722e-10 3.140849306636413878e-08 2.906194369483486503e-10 3.957925734253742209e-11 6.043112904466836855e-09 2.138881739010577185e-11 8.023183549636513981e-10 1.321979338419983210e-10 7.046627194767552022e-09 8.365313311049805967e-02 1.772984430848613112e-05 7.458259894082743911e-06 7.388835811761876532e-04 8.217833868876575631e-03 3.359305842487111265e-07 7.715369377729359990e-09 1.721621683115136024e-12 3.914964105111150979e-13 4.602314686915969174e-13 5.025944221699487544e-10 7.394640954613461931e-07 1.280856907446769341e-03 1.901330295127529708e-06 7.617115775660298218e-06 2.535032741554479463e-09 1.621610347838614227e-02 2.241768133911946339e-10 2.241768133911946339e-10 2.362018336896835428e-14 8.909540410934051015e-06 1.733380387450226458e-09 2.816932460320583590e-03 5.581107908333056422e-03 1.495533205633462967e-02 2.421133814723373107e-02 6.007130550189715410e-10 8.625814467197497705e-53 1.176994698713378217e-13 2.087102446733352438e-14 2.634296081708894893e-30
2.093702430283833160e-04 8.930686531975021587e-06 4.235643063941268820e-03 4.482798980481903792e-13 5.569631787269036655e-03 1.000000000000000000e+00 2.221523963291124892e-01 4.121370635546734204e-32 2.359991984804194673e-40 1.890732363602858599e-04 1.881306051621543166e-06 3.738311222299267365e-17 1.701330204779018913e-04 8.514631972092670128e-08 1.450891786179453966e-10 3.614840339661090551e-27 6.757865407120989449e-07 8.061661563997426366e-03 4.115370138876316398e-11 2.278206890307124186e-02 2.093659836224183319e-06 1.546271014617548053e-33 2.998024875629417716e-47 1.289102264302217951e-25 1.376623014976192899e-24 6.553628179821737820e-50 2.415237286428384207e-35 5.625167825346651699e-33 1.116179642720831052e-07 4.012355967836530426e-07 6.111885983967092446e-14 1.199581183956442498e-09 2.476504822933887877e-10 2.047556178248001035e-07 2.674368720827083548e-12 7.971776034785284021e-19 2.241927432079856215e-06 5.286637338919185955e-09 3.228335506977213286e-04 2.518402665875378588e-02 3.493229056990645748e-03 1.212544849185111934e-02 1.787387823136933271e-04 5.986773914237503331e-04 3.912919608825201083e-05 1.596153864787255914e-04 8.232378613656433144e-06 1.773936382044950470e-06 3.712792063839613063e-05 2.686181808202544978e-03 8.485228344324184068e-07 3.555373709719300383e-03 2.200789474197522265e-03 6.966908666383898755e-04 2.496331260320295009e-01 5.782129385264173305e-11 4.169422826312257333e-18 8.238632926956600635e-05 1.566929787535905078e-07 5.657940549963578342e-03 1.005820260272117446e-05 7.217929124544803273e-06 9.254698004858622623e-03 1.424811948068237417e-03 2.249742829722342586e-04 9.839327210725693981e-03 2.720240101522711229e-01 4.551108724815761120e-03 6.658603153860948032e-02 2.093710559173538738e-02 1.841009142902377184e-06 6.480678863810768404e-17 1.780548625689747030e-09 3.088019527565903513e-04 1.246189531807528330e-03 1.246189531807528330e-03 1.860166200741222376e-03 3.600901735204321874e-06 5.203953851581547804e-05 3.719931064431783690e-04 1.824476078017893468e-06 2.620293791787265520e-04 1.969641539399606865e-05 1.130388879331178348e-31 6.154654259174597111e-05 2.338586221476339841e-17 2.999187870937534454e-05 3.624531141775561016e-02 2.549168374220719610e-03 4.413375214613303129e-04 6.642541604128761790e-06 3.295637233303291049e-10 1.089912373877978577e-08 4.323944011878166249e-09 9.402352729378633696e-08 1.581421102401085776e-04 1.257340658193008646e-06 4.965829117923385787e-22 2.782900344192071434e-11 1.390626896591185830e-09 8.528763397831552230e-06 1.990430531584251263e-09 1.990430531584251263e-09 1.856266143022525874e-12 4.346254506417695278e-07 7.191963796834184609e-06 7.509405875462757006e-05 6.151233440296258528e-03 1.683377527642523908e-01 6.298019373139797372e-02 5.799912937246696618e-06 2.925933828857554648e-33 1.262807944149379365e-06 1.375638094937415091e-07 2.040906900693446731e-16
1.927226938516433388e-04 6.157074490158059622e-07 1.160279944994520090e-03 4.675298833092621810e-11 2.432384354074163257e-01 2.221523963291124892e-01 1.000000000000000000e+00 2.149633922253190239e-32 1.124996964930213978e-42 7.878799594967526631e-06 1.053752372681128837e-06 1.606844609828153212e-15 1.857977592223729213e-05 5.146506378654377032e-07 9.011620215322708361e-10 4.545768055342305170e-27 1.523439492530275023e-05 1.514452171682972859e-01 5.154454780443224116e-05 1.153817998422955286e-02 2.333513837943010637e-05 2.750029632210290825e-32 8.368328721123914245e-44 1.459842807963989111e-24 2.998948069827586695e-22 9.339728465029154450e-48 3.113749553995302973e-32 1.423178171879858736e-31 3.805191215459266673e-07 7.642559041311630059e-07 1.249957629836468344e-13 1.438176748939212921e-09 3.425025985858578230e-10 3.286813685154023844e-07 1.557766951362859699e-11 2.787882543088988782e-09 6.215671013104983421e-07 6.907809239143854953e-08 1.362348733039364830e-02 1.871748933728094866e-01 7.262947325596941228e-02 5.538606659909939278e-02 1.164943102638436185e-05 3.186704263882290424e-03 2.508003260220604473e-04 4.059338748858996523e-03 1.251464195808832456e-04 8.344302928264746416e-06 6.583007521490019665e-03 1.650283389071565895e-02 7.950766662389768043e-05 3.523473351215150595e-02 8.948242965892999612e-02 1.698262662932893685e-02 3.136493928041697021e-01 1.383147430782549112e-07 1.442933281508587315e-18 2.633834802584345165e-03 5.893858684807572291e-06 7.637961183874390075e-03 6.037207698469179576e-04 6.399437011840901964e-04 2.526896565371836156e-01 1.213560163665775571e-01 4.020369007324609001e-02 1.556328727635262477e-01 2.620484061463536074e-01 8.288052682737374888e-02 2.926418297049070485e-02 5.749038053852028457e-03 2.228327757662239275e-06 2.101461898644006644e-14 2.010612578546492115e-07 3.097736879304463086e-05 4.077741879499412577e-05 4.077741879499412577e-05 5.771613629042879725e-04 5.764920265622251357e-06 3.594106578796892794e-06 1.604128035994244119e-04 9.006505770401885206e-07 2.166038597593392562e-05 1.487771222537566807e-05 7.012932243958923290e-17 2.768857944208759359e-02 2.900652281666886012e-10 1.335895977850674919e-03 7.756463633771963628e-02 1.865494688014987523e-02 4.881830779689156643e-04 1.962269343219937300e-05 1.758598391619641322e-09 5.828301174772992468e-09 7.162129357369987930e-09 2.419435449787543097e-06 5.558391633592101944e-04 7.280666154288251753e-04 2.008751635597298026e-12 3.260244266441919951e-06 3.228065202403738611e-07 4.894735566299330230e-03 5.224975263597662319e-07 5.224975263597662319e-07 3.943455383566370231e-09 7.365677136625550878e-04 5.035112592199612354e-05 5.487143290796419465e-02 1.582053645851226042e-01 3.775295344009921839e-01 3.825016361401191167e-01 5.937147476298776617e-06 7.055873797085521236e-38 3.139040069156304116e-08 1.038893382610546113e-08 1.048580308043156940e-19
6.525346934748582209e-70 2.303296868144336977e-49 9.659847378513397004e-49 1.601092825403513920e-58 4.712267884139004455e-45 4.121370635546734204e-32 2.149633922253190239e-32 1.000000000000000000e+00 1.021306749736384396e-15 2.255093960790975664e-31 1.517324249613687992e-31 1.522239763352189391e-26 7.691772694545001305e-21 1.730839059918864851e-19 8.171941573937826926e-24 2.429160596427655313e-24 6.228713913811824799e-30 1.360481441886568799e-45 1.777582192225105107e-72 4.852241156204519832e-29 1.628062856436361144e-26 1.202937256147871213e-49 2.077594323037041252e-52 1.886431589715812764e-35 1.594198897633443342e-25 3.858401127629277553e-45 1.839797948720029471e-43 1.462984477053798875e-44 2.909156254517027291e-20 3.507366695691975666e-18 5.771968354485708209e-46 3.810154908203237124e-21 1.001470032948389007e-16 1.067447430951742004e-29 2.322447238870595438e-24 5.281682752288248286e-87 6.899879471250313301e-48 1.138456421843763786e-11 1.974713256474250755e-47 5.459443194298422536e-39 8.197292561602391810e-40 4.717424387707600701e-24 5.229133930754980357e-20 1.076724659720427270e-34 4.206017789535911127e-44 2.511785337678252235e-46 1.208788172879508241e-50 2.732664181928460333e-29 2.013683856131313943e-36 2.554176847056835628e-39 9.766397422968314209e-52 1.003446973986546277e-28 2.911595521403430322e-54 1.573635592200985222e-64 2.403665950620956538e-42 5.198442101174246658e-29 2.145811106688643170e-32 7.645917480507153132e-52 5.349349736689210605e-47 1.004896713178914522e-44 9.272599840228534554e-50 1.233319329429560812e-52 2.768484907620745726e-47 1.571175041954341174e-45 2.223572500805706979e-57 3.886568616039344578e-43 5.167608425980092679e-37 5.584663916531774011e-27 1.537248803433560572e-44 7.871826658767996389e-37 2.682658045481403346e-50 8.026639746889022596e-17 3.276727588667766105e-13 3.740811896251591768e-55 5.283591174405007940e-36 5.283591174405007940e-36 2.783687690103293639e-21 7.910856353156995366e-28 1.142454526938156894e-26 1.694250570141854165e-29 2.350140434181214502e-67 3.369369237895075534e-30 6.684688274724062016e-18 8.325177844851079197e-134 1.613369777162222846e-55 3.163336639953019014e-104 3.145055121461000240e-30 2.173400695255422570e-36 1.101324685084376399e-49 2.896580926642092618e-19 1.667231637509350656e-30 4.676300181162128067e-70 7.376818400447645146e-64 5.368473461046801248e-38 7.187662871467109682e-49 3.387427449070516160e-36 5.499026256973846637e-44 2.688522171154125636e-102 5.455883234918310411e-70 4.143002297915827767e-30 5.846849182307213212e-47 8.382687960700594333e-27 8.382687960700594333e-27 2.029123991808597015e-65 6.755318374973535708e-54 4.038007347736855114e-26 5.690371909639320240e-46 2.014302883949412017e-42 1.291836887655254140e-26 1.008376280053096915e-26 4.132395213394234717e-34 1.446725040539032730e-76 1.600181232894811756e-43 7.731079162413453283e-35 1.233931585382176108e-71
3.095086313123474506e-87 3.839456440472716134e-57 2.666555400402708146e-61 2.446108437870924543e-82 1.292623444443400891e-58 2.359991984804194673e-40 1.124996964930213978e-42 1.021306749736384396e-15 1.000000000000000000e+00 3.563793038328708854e-35 3.150525960221799116e-42 6.658536838124483230e-45 1.039867893844176154e-24 2.225142487872344144e-26 1.196172381034348291e-37 6.478124796240234112e-32 2.608898590357541439e-50 2.845077417050269572e-61 2.518109820312128226e-91 2.189581776991905779e-41 1.692267525314947393e-42 2.408300860781708001e-80 1.051103385603472180e-85 1.272815338218304590e-60 2.280899337109766885e-43 1.010792409694735533e-66 9.296776181930656414e-64 2.822879989080101715e-70 2.654785615540746708e-27 6.054754089532609154e-31 1.727726919732056557e-66 7.647859204718711029e-29 1.599002875405009023e-26 6.946311536785627861e-38 1.984877878849313200e-32 1.180848770613966546e-105 1.884550585149117545e-60 1.328637114337932312e-30 7.982845568947617098e-54 2.729425927509151421e-54 7.228765288496809085e-54 4.029639140127307440e-35 2.291542471587188878e-20 1.248251592644729885e-40 6.208433076954104455e-52 1.286042231130037999e-61 1.884985350045777171e-64 1.639693543251798012e-37 4.313912532941170158e-53 4.986398500844199225e-54 7.829614718850302743e-68 9.919059019173395643e-39 1.147998120210391103e-66 3.234023514151142841e-81 2.560240609136475281e-54 1.091644705326008738e-40 2.000626809954442501e-38 1.624920897792378723e-66 9.509949908011706280e-64 2.817010697344558008e-66 2.090149494836885259e-65 4.790005996272079945e-67 2.762503734526312621e-61 7.304205177509255997e-60 4.460467445690940488e-76 7.982109255912504739e-56 3.302743217294830720e-46 8.968954471438036209e-41 7.445921599989469682e-54 1.663875707738026926e-47 7.023244399102594765e-69 1.159173566643685671e-24 2.017746427915768507e-30 1.900846302560598275e-64 8.191937008773399590e-44 8.191937008773399590e-44 7.004946674035875270e-32 1.973993762587536363e-46 1.184820161919473764e-28 1.125969664899879118e-44 1.290502041492057249e-76 4.800861182608304131e-30 1.404463954775429680e-19 1.719485993042616426e-150 9.867018782507847080e-71 1.345807515092568845e-124 7.078379464640796949e-49 3.003300597494361999e-49 7.949480512389451763e-60 7.887464327939544933e-30 3.932777660913181934e-37 9.396433593823952347e-86 8.893169355377746450e-73 1.417947788257436075e-50 1.135076435209407465e-60 9.886006352761932924e-45 4.809253017265189747e-57 2.004306233704569425e-123 1.719592294225546174e-82 7.595273220040707161e-38 7.636757958064059938e-61 2.038772071600801802e-35 2.038772071600801802e-35 7.778383664107953005e-79 1.338264938852651736e-68 2.537240927563481547e-41 2.536812670305006710e-55 1.887697793732619644e-57 1.910401648306342802e-38 1.933190670406726885e-38 6.542702718629252848e-48 3.264189985484746667e-105 2.314027036197513209e-55 2.337302949067901625e-51 2.120221485879589534e-78
1.225181821809272521e-11 1.509389931106518613e-05 2.202332403390967183e-05 1.983511489619368993e-11 6.567651309030387783e-10 1.890732363602858599e-04 7.878799594967526631e-06 2.255093960790975664e-31 3.563793038328708854e-35 1.000000000000000000e+00 2.313701748912371759e-05 5.348759164555587284e-19 1.608949796377875593e-02 7.537921233985518297e-05 1.249949448221573802e-08 1.243454599137256657e-25 1.726446030527005691e-06 3.007655822026255347e-09 1.116321254690612405e-30 5.850923942213125291e-03 3.329317775510238668e-05 4.686904387333205176e-43 1.377732887508213112e-64 1.661927807235135570e-31 5.547748653501710422e-26 2.438310266185899987e-63 1.204090521317880389e-45 6.076360132796013768e-44 1.354027903671195444e-06 1.023407248924298880e-05 5.925818202649041730e-13 9.800167924262206990e-07 4.876644017436008050e-08 1.105259692733726759e-06 7.300720603034927093e-09 5.505496357508369881e-49 6.857246053763727521e-06 2.381623776709850316e-10 2.605965239421769050e-09 1.610422337924760817e-05 1.451592893338459386e-07 1.324698464531119972e-04 5.102911183200174033e-02 7.620712481882565349e-07 1.078932464520558502e-08 1.691575038990646760e-10 3.714169281915201366e-09 4.082927272422321466e-05 2.021950939712282266e-09 1.018118209488835554e-06 2.792016127729808948e-13 2.914542182353605741e-04 3.192277006737495213e-09 2.359475666771930295e-09 3.973047053837987512e-04 7.587036562035715706e-11 1.924839708221729676e-24 5.190920332117365359e-09 1.717758565077920376e-11 4.443307487150309964e-04 9.661148525080604020e-10 8.673672800113133034e-10 1.314797841266027165e-09 5.034183329441552199e-10 3.259871352021270650e-13 6.752194537422966433e-07 6.539128712631296593e-04 3.485381577969187905e-06 1.156497360060971093e-04 3.000704776726293831e-03 2.519781992135029992e-05 1.690797555841267994e-12 2.076320808949494903e-08 1.326247307039919181e-05 9.623471047476453519e-04 9.623471047476453519e-04 8.715576802784035589e-05 2.024559945292817004e-08 5.409808742180828676e-05 7.247291691295645671e-05 2.218095669589426026e-10 2.733534665342152170e-03 1.789335400017827806e-04 5.780042108042175896e-80 6.408950177718353963e-12 2.773691221767455425e-51 4.088134089472567879e-12 4.296615491976316484e-06 1.290419713608688174e-08 6.899623202473180276e-03 1.809871099955916596e-03 6.519306054892744925e-19 3.970287545200075360e-15 4.382750643484255393e-11 1.339859752603039521e-14 7.876729402016188539e-06 6.915807886512778099e-13 1.956213788684391660e-47 4.988236491197492327e-28 3.520233077203494924e-11 4.518464856295566717e-11 1.739498998561456276e-14 1.739498998561456276e-14 1.919885999162593059e-25 3.398450377343090895e-17 9.247336664589842255e-10 9.160853728409347878e-19 5.383196679937189067e-13 8.997860270276875365e-05 2.550677013911946943e-07 3.873725275825700559e-04 1.583446975726070196e-31 2.760060698304103884e-06 2.740152848451209161e-08 9.109926394458275137e-21
8.664509939191008565e-13 8.122164768371582418e-10 1.941188792181372242e-09 1.653371176972889362e-10 6.671777248133767951e-12 1.881306051621543166e-06 1.053752372681128837e-06 1.517324249613687992e-31 3.150525960221799116e-42 2.313701748912371759e-05 1.000000000000000000e+00 2.419961389980596631e-06 4.516643895820550169e-08 1.659643782371991033e-02 5.511247807861922675e-07 5.390452462526744285e-19 2.612168680105817677e-05 7.389283080616369306e-12 7.874692165138152062e-35 1.149229639307206658e-03 2.308466941069006913e-03 3.409043696214864246e-20 4.146219777498490789e-39 2.025937757065132587e-16 2.486533750642544069e-18 4.888272951292197414e-42 1.079606711647308561e-31 4.976597359553342457e-22 5.963409764071023764e-08 6.154052733461637655e-06 1.391067723413418314e-17 2.897442719763686321e-08 4.127554823939671674e-08 2.790816370024364239e-10 4.482980463659702571e-10 2.030165679916471930e-53 2.105560819761058445e-13 1.746938823278227787e-07 4.556652502897391952e-13 2.774178364334973921e-06 1.012811336675957455e-09 1.073092519139888512e-03 2.057801605758824773e-03 2.506232080141772359e-11 3.356772676284558554e-13 2.002569711114773829e-16 1.843327332220127884e-16 2.606710996811976940e-07 6.367603627315045043e-11 3.318870549110247989e-11 3.245795915670271017e-19 1.193404922897134039e-06 2.549021394834103203e-09 1.046560328789980373e-10 1.909328615899414964e-05 2.774766950867698461e-16 9.286343571414062814e-22 2.191336989172308011e-07 1.093354413144205269e-07 4.263387596222978398e-05 1.922016751142588436e-07 1.326269526963258161e-08 1.776407837657823299e-11 2.553476210797225258e-12 1.360556731426102864e-14 1.510914500214414453e-08 3.755379871486213015e-06 5.307381395990569834e-07 2.577125725463942418e-08 4.543862281291263708e-07 1.159621179145584442e-08 5.491976554821129322e-13 5.263304074905050498e-07 3.533189845453882077e-10 5.807895572553683327e-08 5.807895572553683327e-08 1.777076020019944387e-06 3.059834738439581177e-11 2.080361246174247649e-11 9.522400776671472602e-06 3.870449098681763507e-15 1.407307473919812956e-09 1.429490184886515115e-07 6.046789342980162105e-92 8.000963209551374610e-14 5.552562181142270773e-53 8.393743456408307867e-08 9.869428900235373641e-06 4.416335646330146140e-11 3.328728563637538781e-06 3.075502571748441492e-09 1.757510877040339180e-37 2.842954895522913964e-32 2.013159935387456141e-22 3.460291137095940333e-26 1.978652662742911379e-11 1.154259992258096324e-18 7.884145593827600303e-58 1.014368936981670921e-35 1.001999223800341027e-17 1.091921287403889117e-12 4.833006629470152729e-15 4.833006629470152729e-15 1.040754202133774908e-25 3.288101639043931609e-14 1.251748264588812079e-04 4.969214921307439731e-19 2.675189021852730738e-10 2.592285035900928565e-05 9.027580651947535082e-07 2.864078191647267738e-10 4.433515284945323497e-65 1.139924953916560738e-13 1.209994882254975237e-13 1.577909412263855722e-43
2.711395070857670930e-32 7.037699589989336003e-28 1.932694540846681704e-25 1.250892661440336426e-24 3.785100629311494685e-22 3.738311222299267365e-17 1.606844609828153212e-15 1.522239763352189391e-26 6.658536838124483230e-45 5.348759164555587284e-19 2.419961389980596631e-06 1.000000000000000000e+00 6.483550279424486476e-19 2.022054178518795683e-04 5.794037961879024199e-07 1.568542113897234531e-13 1.683990261705217440e-14 2.101914677593801398e-24 3.613941505610001026e-47 6.308818480319690611e-10 6.994380513221018763e-05 1.873163323707363947e-06 5.891374328952072963e-16 8.226858658535589645e-06 1.146317520863721588e-08 2.230581267376507337e-20 9.475761944789247778e-19 1.559003731119094267e-08 2.116142709520987564e-18 1.798202341646591321e-13 3.681673810970407958e-37 7.419085486957470316e-19 3.244110492122588588e-17 1.482257222505388726e-24 8.899165752596402354e-20 8.642397217636415325e-63 2.474413564826043729e-32 1.046402292824266292e-06 7.397407381724085131e-28 1.811857579401708822e-15 1.377318731782147776e-19 6.575380588117024024e-07 1.328775892078159860e-13 3.555569807134540863e-22 2.145242276061920575e-26 6.149305328519875961e-29 8.743787573244670390e-30 2.507139065314800428e-14 5.146836868517876102e-16 4.244995523500206135e-22 1.748587207109290308e-30 6.129331473936373908e-14 5.383934674475321907e-20 4.734512162787522557e-25 2.186296169493785735e-16 7.623508842814951305e-25 2.401559779042704204e-29 2.142352938454753578e-16 1.846957567791984621e-15 2.939778005302112235e-17 3.934329727010181892e-15 4.954537119859823057e-18 2.573085853557538823e-22 2.343638786318207853e-23 8.794010251226280418e-27 4.341558536737935460e-21 1.860247672510823484e-17 1.406621838031377723e-15 2.643242388505556636e-23 6.291904538322951299e-19 5.128805271948343277e-26 1.273776085941728981e-18 1.016132315979307686e-11 9.759145508828675547e-30 1.688628571773058607e-23 1.688628571773058607e-23 1.194429925458874500e-16 1.340684735450356258e-20 6.233407738436352211e-26 3.054057379927335606e-17 8.003766895370435741e-39 2.251539563993970145e-26 3.796247632033250531e-20 3.677435265526803560e-114 1.172065434090597808e-26 3.177546145727485972e-65 1.281737673452882479e-12 1.829448833539026635e-16 7.353413807887290027e-25 3.988506142181742059e-16 1.238094074850189401e-23 1.759377882526267846e-65 2.434140859732392876e-62 1.309965322176936195e-40 1.810643233020272002e-48 3.887132235328682745e-28 1.537519576917726144e-30 7.256394680724254888e-74 1.194903968776126894e-57 1.227909402776004394e-28 1.194292699256006221e-22 2.552641632309312900e-23 2.552641632309312900e-23 4.401984836406659718e-52 4.096367765081133629e-26 1.801717926064074290e-11 1.471112506186982655e-31 1.305882947281449596e-20 6.753045449253317972e-14 2.500520643127980273e-13 7.887425389039697146e-26 1.208687840099324673e-106 6.955585095579678365e-32 2.683622716012451150e-28 5.272862400322509634e-78
1.575784404538672209e-13 9.710166419128552558e-07 3.256853110770908881e-06 1.127287679743419772e-12 1.591796874835781550e-09 1.701330204779018913e-04 1.857977592223729213e-05 7.691772694545001305e-21 1.039867893844176154e-24 1.608949796377875593e-02 4.516643895820550169e-08 6.483550279424486476e-19 1.000000000000000000e+00 2.539194654389495034e-06 2.334711398842435228e-08 9.243244607668246252e-21 2.198079694643014475e-06 2.103330009308565203e-08 2.341995299785158681e-26 1.016428607181725247e-03 1.135159273505180653e-05 1.858636552696467679e-40 1.250517666403056920e-52 1.072227293878061740e-29 9.769338639079566893e-23 4.582135127902325650e-53 8.772229667695236534e-39 8.806465859758141176e-41 2.945860252385028039e-04 2.482347584484328649e-04 1.948907926867827388e-09 4.936035690111020271e-05 6.530259543423005992e-06 9.022683720580565794e-04 1.992018025897604840e-06 4.256314779074348737e-41 1.180750205045569875e-03 2.114880747096797832e-08 8.930950555712316399e-10 1.972713714557859036e-06 2.068764355895746579e-07 1.842572441455400559e-05 1.740085225007589539e-03 4.116771379754243621e-06 5.399497204009964394e-08 3.194487374727732952e-08 8.930310325065366426e-08 6.311575461004539488e-04 1.457133143684521522e-08 5.114273487654900338e-05 1.749018604873612130e-11 1.079367808913851180e-03 2.705396631522199441e-10 4.561916572577010084e-11 7.304492456727572694e-05 3.746907100232261961e-08 2.135180017832509055e-18 2.027563046004485764e-11 6.841800547719435589e-14 1.796494576217368513e-04 2.781592992087456206e-12 2.395662130630658746e-12 1.359965555973381434e-09 9.610704801165387253e-10 1.780440609198245057e-13 7.399444768478129367e-07 4.596825018046031813e-04 3.520468466421670966e-05 1.428981475487605220e-05 5.579334257000436587e-03 7.372840353181426946e-06 4.178820655592601778e-11 1.113418594768570865e-07 3.715062859669969038e-06 2.485313854038836024e-03 2.485313854038836024e-03 4.574972544006039935e-03 3.005999250655696302e-05 2.035012427178221287e-03 7.448946527222779341e-05 1.521385779107418585e-10 5.186916147566908962e-03 1.190529603238273636e-03 4.765064756359919233e-72 7.291022126293265567e-12 2.208601260553574347e-48 2.489003066755120617e-12 7.415439102456985861e-07 1.298330032676184035e-10 8.829990033441140196e-02 4.214410142193498326e-02 4.429469432337966347e-13 6.587101893172294956e-11 3.754150142178514492e-06 1.607092811204185740e-09 6.022726128297890000e-05 1.333503877236781980e-09 1.670515201691687845e-41 1.152216218979723602e-25 8.059214829817212002e-08 9.595806880787431413e-11 4.273734572742860006e-11 4.273734572742860006e-11 6.003235142243770141e-23 1.746726971949833455e-15 3.279019884009778800e-10 6.224627565870025207e-16 4.432098752623431739e-12 1.309665995846673900e-04 1.232090602330183002e-06 8.697920956823883623e-03 2.473071387405325024e-17 8.308268424668984386e-04 2.942487645195832123e-04 4.742118697691684292e-12
